{
"pp":
 {
 "be": 0.11141025879897896,
 "le": 0.03447858247470701,
 "ke": 0.03645357828249893,
 None: 0.7750647463248309,
 "wede": 0.0023476365262432228,
 "Inde": 0.019368001341506586,
 "I": 0.004164260028693335,
 "sIle": 0.004043151795196661,
 "Iske": 0.0014439827839988076,
 "Iyye": 0.011225801643345568,
 },
"rel":
 {
 False: 0.6651439920556107,
 True: 0.3348560079443893,
 },
"cj2":
 {
 "nI": 0.0008275405494869249,
 "ma": 0.00039721946375372393,
 None: 0.9493214167494207,
 "na": 0.02466070837471036,
 "m": 0.02039059913935783,
 "s": 0.002019198940748097,
 "sa": 0.0023833167825223437,
 },
"poss+expl":
 {
 False: 0.9500595585067289,
 True: 0.049940441493271155,
 },
"cj1":
 {
 None: 0.760388794845192,
 "bI": 0.03882487850161088,
 "lI": 0.026483918527821768,
 "sI": 0.10866597499044395,
 "IskI": 0.001474362474744717,
 "IndI": 0.06416207066018675,
 },
"cnj":
 {
 None: 0.9264262361558152,
 "na": 0.03875104544187343,
 "s": 0.009542033099323314,
 "m": 0.025280685302988062,
 },
}
